94.51457769762548
83.35838092375513
80.38773669972949
84.17493237150586
98.96803927462177
94.98547239755536
70.31860535016531
83.65394249073239
88.81875563570784
95.29606251878569
95.95731890592126
88.19757539324718
92.26530407774773
95.68680492936579
96.51337541328525
99.68940987876967
97.57038372908526
98.17653541729285
91.40867648532212
87.11050996894099
98.23664963430518
93.59783588818755
96.80392746217814
86.98026249874762
95.77697625488429
74.09077246768861
96.9992986674682
76.0344654844204
93.34235046588518
95.12072938583309
97.9310690311592
92.43562769261598
82.71716260895701
83.39845706843002
90.1613064823164
98.95802023845306
93.86834986474301
87.64652840396754
96.68870854623786
87.03035767959122
